100
1
19
23
9
998999
11100
10100
11
777777
101
101000
567890
999000
99
1100
901
1000
10999
999899
9999
12
110
2000
256
65536
999901
11101
999
91
900000
1110
100
999900
1111
21
2100
2101
201
11010
999990
321098
11011
1101
1001
12000
1999
999998
900001
12001
2201
100001
29
999999
19
990000
32
22
10110
10
1000000
10001
111
1998
2001
16384
899999
10000
900
30
456789
11111
99000
11000
989999
2002
100000
31
990001
11110
102
999989
10010
32768
200
20
999001
2200
64
90
101001
10011
10101
999991
199
10111
1099
11001
99001
765432
543210
