100
1
19
23
999901
999899
999000
2201
11010
2200
12
102
99001
11
11011
999990
321098
999991
100
876543
30
9
10101
10000
100001
11111
32
16384
31
110
111
101
999989
101000
10010
2002
1099
1000
20
989999
999
11100
1024
10011
10
9999
901
32
999998
2000
990000
12001
900001
12000
199
901234
1000000
90
990001
19
1110
10100
101001
899999
2001
1111
1001
2101
10111
99000
900000
678901
91
99
1101
524288
10110
262144
999999
11000
987654
1998
4096
29
1100
900
22
11101
201
200
10001
998999
11110
1999
21
999900
11001
999001
2100
10999
100000
