100
1
19
23
111
11101
11111
10110
123456
22
999899
20
12
99001
1000000
10100
31
9
10111
989999
1101
998999
99
321098
2201
899999
10010
2100
101000
10999
201
900
11011
999
1998
91
100000
999989
19
900000
990001
10001
8
1999
777777
11
11100
21
901
32
999000
1000
1099
999999
100
12000
1001
9999
30
900001
999991
100001
10011
110
999901
1110
199
102
12001
262144
11010
2001
4096
999001
10000
90
1100
11110
990000
2200
1111
11001
11000
999990
2000
101
101001
10101
2002
16
200
999998
2101
109876
345678
29
99000
10
999900
2048
456789
