100
1
19
23
990000
1998
899999
2201
1101
456789
234567
998999
989999
999001
1099
2001
10999
901234
1001
101000
999000
11111
11000
12001
2002
999900
999901
199
2048
100
900001
999899
9999
901
10001
110
11
19
100001
100000
30
10101
99000
10100
20
999
10010
8
29
999991
32
21
999998
1000000
99
10011
2100
7777
900
101
990001
11010
11011
2101
876543
22
1000
4096
999990
512
201
2000
10111
99001
12000
1111
11101
10000
4
987654
1100
1110
12
11110
91
31
900000
2200
1999
11001
90
102
11100
999999
200
10
10110
9
101001
111
999989
