100
1
19
23
989999
2000
11100
21
990000
999990
30
2001
11011
10999
999901
1999
10001
100
999899
11000
10000
77
543210
1101
900001
1100
1000
567890
2100
100000
899999
99
2201
998999
990001
31
101000
1000000
999000
100001
12001
1998
20
2101
1001
524288
2002
91
789012
901234
10100
999991
11
110
1111
999999
901
90
10
654321
19
11001
9999
11110
29
999001
256
1099
201
11111
111
900
10101
11101
10111
9
199
999
22
1110
101
2200
12
10110
999900
11010
200
99001
999998
8
32
10011
99000
131072
900000
10010
102
7
12000
101001
999989
