100
1
19
23
31
110
999990
901
998999
789012
99
999999
1100
11011
1101
30
199
1111
99001
101
102
987654
10101
12000
21
999899
10000
12001
10
11010
210987
999000
10001
765432
900001
1099
999991
100000
900
10110
20
10010
999998
12
2101
64
990001
100001
999900
899999
2000
111
999
543210
999001
201
11001
101000
11101
90
2100
1000000
999901
989999
19
9999
22
7777
100
200
32
262144
11100
10011
10100
65536
990000
1000
11110
99000
91
2201
1110
11
2001
1001
2002
11111
131072
10999
999989
900000
1999
32
10111
11000
29
101001
9
2200
1998
