100
1
19
23
999001
99
999900
90
2000
9999
10010
1000000
131072
101
10001
876543
1999
999
10011
1001
19
12001
10111
32
999901
7
999991
999899
31
10999
10
989999
12000
12
101000
990000
10110
29
101001
22
901234
199
110
11001
10000
2201
901
1110
11111
11000
128
321098
11101
256
900
20
102
201
899999
99000
99001
999999
21
10101
990001
16384
100001
11100
11011
9
2001
100
91
2101
1101
1998
1099
100000
1111
11010
210987
999998
200
1100
11110
2100
999989
999990
900001
10100
234567
1000
11
900000
2200
111
999000
30
2002
998999
64
